name: stock-predict
channels:
  - conda-forge
  - defaults
dependencies:
  - asttokens=3.0.0=pyhd8ed1ab_1
  - bzip2=1.0.8=h2bbff1b_6
  - ca-certificates=2025.6.15=h4c7d964_0
  - colorama=0.4.6=pyhd8ed1ab_1
  - comm=0.2.2=pyhd8ed1ab_1
  - debugpy=1.8.11=py310h5da7b33_0
  - decorator=5.2.1=pyhd8ed1ab_0
  - exceptiongroup=1.3.0=pyhd8ed1ab_0
  - executing=2.2.0=pyhd8ed1ab_0
  - expat=2.7.1=h8ddb27b_0
  - importlib-metadata=8.7.0=pyhe01879c_1
  - ipykernel=6.29.5=pyh4bbf305_0
  - ipython=8.37.0=pyha7b4d00_0
  - jedi=0.19.2=pyhd8ed1ab_1
  - jupyter_client=8.6.3=pyhd8ed1ab_1
  - jupyter_core=5.7.2=py310h5588dad_0
  - libffi=3.4.4=hd77b12b_1
  - libsodium=1.0.18=h8d14728_1
  - matplotlib-inline=0.1.7=pyhd8ed1ab_1
  - nest-asyncio=1.6.0=pyhd8ed1ab_1
  - openssl=3.0.16=h3f729d1_0
  - packaging=25.0=pyh29332c3_1
  - parso=0.8.4=pyhd8ed1ab_1
  - pickleshare=0.7.5=pyhd8ed1ab_1004
  - pip=25.1=pyhc872135_2
  - platformdirs=4.3.8=pyhe01879c_0
  - prompt-toolkit=3.0.51=pyha770c72_0
  - psutil=5.9.0=py310h827c3e9_1
  - pure_eval=0.2.3=pyhd8ed1ab_1
  - pygments=2.19.2=pyhd8ed1ab_0
  - python=3.10.18=h981015d_0
  - python-dateutil=2.9.0.post0=pyhff2d567_1
  - python_abi=3.10=2_cp310
  - pywin32=308=py310h5da7b33_0
  - pyzmq=24.0.1=py310hcd737a0_1
  - setuptools=78.1.1=py310haa95532_0
  - six=1.17.0=pyhd8ed1ab_0
  - sqlite=3.45.3=h2bbff1b_0
  - stack_data=0.6.3=pyhd8ed1ab_1
  - tk=8.6.14=h5e9d12e_1
  - tornado=6.2=py310h8d17308_1
  - traitlets=5.14.3=pyhd8ed1ab_1
  - ucrt=10.0.22621.0=h57928b3_1
  - vc=14.42=haa95532_5
  - vs2015_runtime=14.42.34433=hbfb602d_5
  - wcwidth=0.2.13=pyhd8ed1ab_1
  - wheel=0.45.1=py310haa95532_0
  - xz=5.6.4=h4754444_1
  - zeromq=4.3.4=h0e60522_1
  - zipp=3.23.0=pyhd8ed1ab_0
  - zlib=1.2.13=h8cc25b3_1
  - pip:
    - absl-py==2.3.0
    - astunparse==1.6.3
    - beautifulsoup4==4.13.4
    - cachetools==5.5.2
    - certifi==2025.6.15
    - cffi==1.17.1
    - charset-normalizer==3.4.2
    - contourpy==1.3.2
    - curl-cffi==0.11.4
    - cycler==0.12.1
    - flatbuffers==25.2.10
    - fonttools==4.58.4
    - frozendict==2.4.6
    - gast==0.4.0
    - google-auth==2.40.3
    - google-auth-oauthlib==1.0.0
    - google-pasta==0.2.0
    - grpcio==1.73.0
    - h5py==3.14.0
    - idna==3.10
    - joblib==1.5.1
    - keras==2.15.0
    - kiwisolver==1.4.8
    - libclang==18.1.1
    - markdown==3.8.2
    - markdown-it-py==3.0.0
    - markupsafe==3.0.2
    - matplotlib==3.10.3
    - mdurl==0.1.2
    - ml-dtypes==0.2.0
    - multitasking==0.0.11
    - namex==0.1.0
    - numpy==1.26.4
    - oauthlib==3.3.1
    - opt-einsum==3.4.0
    - optree==0.16.0
    - pandas==2.3.0
    - patsy==1.0.1
    - peewee==3.18.1
    - pillow==11.2.1
    - protobuf==4.25.3
    - pyasn1==0.6.1
    - pyasn1-modules==0.4.2
    - pycparser==2.22
    - pyparsing==3.2.3
    - pytz==2025.2
    - requests==2.32.4
    - requests-oauthlib==2.0.0
    - rich==14.0.0
    - rsa==4.9.1
    - scikit-learn==1.7.0
    - scipy==1.15.3
    - seaborn==0.13.2
    - soupsieve==2.7
    - statsmodels==0.14.4
    - tensorboard==2.15.2
    - tensorboard-data-server==0.7.2
    - tensorflow==2.15.0
    - tensorflow-estimator==2.15.0
    - tensorflow-intel==2.15.0
    - tensorflow-io-gcs-filesystem==0.31.0
    - termcolor==3.1.0
    - threadpoolctl==3.6.0
    - typing-extensions==4.14.1
    - tzdata==2025.2
    - urllib3==2.5.0
    - websockets==15.0.1
    - werkzeug==3.1.3
    - wrapt==1.14.1
    - xgboost==3.0.2
    - yfinance==0.2.63
